# dimer file created by matlab
36 atoms
18.8496 mass
3.375 0.138889 0 com
1.9635 322.21 324.174 -8.83575 -0 -0 inertia

Coords

1 0 0 0
2 0.25 0 0
3 0.5 0 0
4 0.75 0 0
5 1 0 0
6 1.25 0 0
7 1.5 0 0
8 1.75 0 0
9 2 0 0
10 2.25 0 0
11 2.5 0 0
12 2.75 0 0
13 3 0 0
14 3.25 0 0
15 3.5 0 0
16 3.75 0 0
17 4 0 0
18 4.25 0 0
19 4.5 0 0
20 4.75 0 0
21 5 0 0
22 5.25 0 0
23 5.5 0 0
24 5.75 0 0
25 6 0 0
26 6.25 0 0
27 6.5 0 0
28 6.75 0 0
29 0 0.25 0
30 0 0.5 0
31 0 0.75 0
32 0 1 0
33 6.75 0.25 0
34 6.75 0.5 0
35 6.75 0.75 0
36 6.75 1 0

Types

1 3
2 3
3 3
4 3
5 3
6 3
7 3
8 3
9 3
10 3
11 3
12 3
13 3
14 3
15 3
16 3
17 3
18 3
19 3
20 3
21 3
22 3
23 3
24 3
25 3
26 3
27 3
28 3
29 3
30 3
31 3
32 3
33 3
34 3
35 3
36 3

Diameters

1 0.5
2 0.5
3 0.5
4 0.5
5 0.5
6 0.5
7 0.5
8 0.5
9 0.5
10 0.5
11 0.5
12 0.5
13 0.5
14 0.5
15 0.5
16 0.5
17 0.5
18 0.5
19 0.5
20 0.5
21 0.5
22 0.5
23 0.5
24 0.5
25 0.5
26 0.5
27 0.5
28 0.5
29 0.5
30 0.5
31 0.5
32 0.5
33 0.5
34 0.5
35 0.5
36 0.5

Masses

1 0.5236
2 0.5236
3 0.5236
4 0.5236
5 0.5236
6 0.5236
7 0.5236
8 0.5236
9 0.5236
10 0.5236
11 0.5236
12 0.5236
13 0.5236
14 0.5236
15 0.5236
16 0.5236
17 0.5236
18 0.5236
19 0.5236
20 0.5236
21 0.5236
22 0.5236
23 0.5236
24 0.5236
25 0.5236
26 0.5236
27 0.5236
28 0.5236
29 0.5236
30 0.5236
31 0.5236
32 0.5236
33 0.5236
34 0.5236
35 0.5236
36 0.5236
