# dimer file created by matlab
78 atoms
40.8408 mass
3.375 2.08333 0 com
361.611 823.197 1184.81 -287.162 -0 -0 inertia

Coords

1 0 0 0
2 0.25 0 0
3 0.5 0 0
4 0.75 0 0
5 1 0 0
6 1.25 0 0
7 1.5 0 0
8 1.75 0 0
9 2 0 0
10 2.25 0 0
11 2.5 0 0
12 2.75 0 0
13 3 0 0
14 3.25 0 0
15 3.5 0 0
16 3.75 0 0
17 4 0 0
18 4.25 0 0
19 4.5 0 0
20 4.75 0 0
21 5 0 0
22 5.25 0 0
23 5.5 0 0
24 5.75 0 0
25 6 0 0
26 6.25 0 0
27 6.5 0 0
28 6.75 0 0
29 0 0.25 0
30 0 0.5 0
31 0 0.75 0
32 0 1 0
33 0 1.25 0
34 0 1.5 0
35 0 1.75 0
36 0 2 0
37 0 2.25 0
38 0 2.5 0
39 0 2.75 0
40 0 3 0
41 0 3.25 0
42 0 3.5 0
43 0 3.75 0
44 0 4 0
45 0 4.25 0
46 0 4.5 0
47 0 4.75 0
48 0 5 0
49 0 5.25 0
50 0 5.5 0
51 0 5.75 0
52 0 6 0
53 0 6.25 0
54 6.75 0.25 0
55 6.75 0.5 0
56 6.75 0.75 0
57 6.75 1 0
58 6.75 1.25 0
59 6.75 1.5 0
60 6.75 1.75 0
61 6.75 2 0
62 6.75 2.25 0
63 6.75 2.5 0
64 6.75 2.75 0
65 6.75 3 0
66 6.75 3.25 0
67 6.75 3.5 0
68 6.75 3.75 0
69 6.75 4 0
70 6.75 4.25 0
71 6.75 4.5 0
72 6.75 4.75 0
73 6.75 5 0
74 6.75 5.25 0
75 6.75 5.5 0
76 6.75 5.75 0
77 6.75 6 0
78 6.75 6.25 0

Types

1 3
2 3
3 3
4 3
5 3
6 3
7 3
8 3
9 3
10 3
11 3
12 3
13 3
14 3
15 3
16 3
17 3
18 3
19 3
20 3
21 3
22 3
23 3
24 3
25 3
26 3
27 3
28 3
29 3
30 3
31 3
32 3
33 3
34 3
35 3
36 3
37 3
38 3
39 3
40 3
41 3
42 3
43 3
44 3
45 3
46 3
47 3
48 3
49 3
50 3
51 3
52 3
53 3
54 3
55 3
56 3
57 3
58 3
59 3
60 3
61 3
62 3
63 3
64 3
65 3
66 3
67 3
68 3
69 3
70 3
71 3
72 3
73 3
74 3
75 3
76 3
77 3
78 3

Diameters

1 0.5
2 0.5
3 0.5
4 0.5
5 0.5
6 0.5
7 0.5
8 0.5
9 0.5
10 0.5
11 0.5
12 0.5
13 0.5
14 0.5
15 0.5
16 0.5
17 0.5
18 0.5
19 0.5
20 0.5
21 0.5
22 0.5
23 0.5
24 0.5
25 0.5
26 0.5
27 0.5
28 0.5
29 0.5
30 0.5
31 0.5
32 0.5
33 0.5
34 0.5
35 0.5
36 0.5
37 0.5
38 0.5
39 0.5
40 0.5
41 0.5
42 0.5
43 0.5
44 0.5
45 0.5
46 0.5
47 0.5
48 0.5
49 0.5
50 0.5
51 0.5
52 0.5
53 0.5
54 0.5
55 0.5
56 0.5
57 0.5
58 0.5
59 0.5
60 0.5
61 0.5
62 0.5
63 0.5
64 0.5
65 0.5
66 0.5
67 0.5
68 0.5
69 0.5
70 0.5
71 0.5
72 0.5
73 0.5
74 0.5
75 0.5
76 0.5
77 0.5
78 0.5

Masses

1 0.5236
2 0.5236
3 0.5236
4 0.5236
5 0.5236
6 0.5236
7 0.5236
8 0.5236
9 0.5236
10 0.5236
11 0.5236
12 0.5236
13 0.5236
14 0.5236
15 0.5236
16 0.5236
17 0.5236
18 0.5236
19 0.5236
20 0.5236
21 0.5236
22 0.5236
23 0.5236
24 0.5236
25 0.5236
26 0.5236
27 0.5236
28 0.5236
29 0.5236
30 0.5236
31 0.5236
32 0.5236
33 0.5236
34 0.5236
35 0.5236
36 0.5236
37 0.5236
38 0.5236
39 0.5236
40 0.5236
41 0.5236
42 0.5236
43 0.5236
44 0.5236
45 0.5236
46 0.5236
47 0.5236
48 0.5236
49 0.5236
50 0.5236
51 0.5236
52 0.5236
53 0.5236
54 0.5236
55 0.5236
56 0.5236
57 0.5236
58 0.5236
59 0.5236
60 0.5236
61 0.5236
62 0.5236
63 0.5236
64 0.5236
65 0.5236
66 0.5236
67 0.5236
68 0.5236
69 0.5236
70 0.5236
71 0.5236
72 0.5236
73 0.5236
74 0.5236
75 0.5236
76 0.5236
77 0.5236
78 0.5236
