# dimer file created by matlab
14 atoms
7.3304 mass
1.875 1.07143 0 com
17.6715 45.6514 63.3229 -14.7263 -0 -0 inertia

Coords

1 0 0 0
2 0.75 0 0
3 1.5 0 0
4 2.25 0 0
5 3 0 0
6 3.75 0 0
7 0 0.75 0
8 0 1.5 0
9 0 2.25 0
10 0 3 0
11 3.75 0.75 0
12 3.75 1.5 0
13 3.75 2.25 0
14 3.75 3 0

Types

1 1
2 1
3 1
4 1
5 1
6 1
7 1
8 1
9 1
10 1
11 1
12 1
13 1
14 1

Diameters

1 1
2 1
3 1
4 1
5 1
6 1
7 1
8 1
9 1
10 1
11 1
12 1
13 1
14 1

Masses

1 0.5236
2 0.5236
3 0.5236
4 0.5236
5 0.5236
6 0.5236
7 0.5236
8 0.5236
9 0.5236
10 0.5236
11 0.5236
12 0.5236
13 0.5236
14 0.5236
