# dimer file created by matlab
30 atoms

Coords

1 0 0 0
2 1 0 0
3 2 0 0
4 3 0 0
5 4 0 0
6 5 0 0
7 6 0 0
8 7 0 0
9 8 0 0
10 9 0 0
11 0 1 0
12 0 2 0
13 0 3 0
14 0 4 0
15 0 5 0
16 0 6 0
17 0 7 0
18 0 8 0
19 0 9 0
20 0 10 0
21 9 1 0
22 9 2 0
23 9 3 0
24 9 4 0
25 9 5 0
26 9 6 0
27 9 7 0
28 9 8 0
29 9 9 0
30 9 10 0

Types

1 3
2 3
3 3
4 3
5 3
6 3
7 3
8 3
9 3
10 3
11 3
12 3
13 3
14 3
15 3
16 3
17 3
18 3
19 3
20 3
21 3
22 3
23 3
24 3
25 3
26 3
27 3
28 3
29 3
30 3

Diameters

1 1
2 1
3 1
4 1
5 1
6 1
7 1
8 1
9 1
10 1
11 1
12 1
13 1
14 1
15 1
16 1
17 1
18 1
19 1
20 1
21 1
22 1
23 1
24 1
25 1
26 1
27 1
28 1
29 1
30 1

Masses

30 0.5236
30 0.5236
30 0.5236
30 0.5236
30 0.5236
30 0.5236
30 0.5236
30 0.5236
30 0.5236
30 0.5236
30 0.5236
30 0.5236
30 0.5236
30 0.5236
30 0.5236
30 0.5236
30 0.5236
30 0.5236
30 0.5236
30 0.5236
30 0.5236
30 0.5236
30 0.5236
30 0.5236
30 0.5236
30 0.5236
30 0.5236
30 0.5236
30 0.5236
30 0.5236
